time,x,y,z,phi,theta,psi,x_velocity,y_velocity,z_velocity,phi_velocity,theta_velocity,psi_velocity,rotor_speed1,rotor_speed2,rotor_speed3,rotor_speed4
0.06,-4.89160099109e-07,1.57466030854e-07,10.000957221,0.000180832426436,0.000454704560523,0.0,-4.01326213529e-05,1.41069061466e-05,0.0319066565102,0.00844733010701,0.0195504475972,0.0,413.48038747220477,415.19877907529565,414.7564409285126,415.497492386302
0.12000000000000001,-1.80304356528e-05,7.94269317375e-06,10.0077191307,0.00123922297477,0.00164101054884,0.0,-0.000675671612949,0.00033732254528,0.193475842068,0.0315689973211,0.0202107350095,0.0,456.60747961151225,456.6600983269827,454.48411093997,456.33315040517374
0.18,-9.48501096306e-05,5.90818640861e-05,10.021157543,0.00293981623467,0.00270560790563,0.0,-0.00199503814387,0.00154116554303,0.254458551851,0.0209537823316,0.0122853187307,0.0,424.7665925069639,424.086454429309,424.80906101536164,423.89826001168973
0.23999999999999996,-0.000272624373437,0.000216259264454,10.0391342389,0.00430000058569,0.00363545335306,0.0,-0.00401520320358,0.00382982807841,0.344740395963,0.0258976092908,0.0212514352683,0.0,433.1314943650653,433.88468323306324,434.06477912443694,434.4794450289123
0.3,-0.000603510658762,0.000552576352053,10.0653823768,0.00584512666279,0.00498210358245,0.0,-0.00716449126418,0.00755808068706,0.530127855653,0.0254595254584,0.0247286404969,0.0,463.5009097966246,463.7740657097959,463.094885856105,463.0605272734271
0.36000000000000004,-0.00116706273859,0.00116222324674,10.1049784495,0.00689578077312,0.00634493412584,0.0,-0.0117990499878,0.0129358099404,0.789596081138,-0.00736370145776,0.0183451055147,0.0,485.61042550789676,485.13140584745815,486.2673615089929,483.8026190620017
0.4200000000000001,-0.0020170043431,0.00208596313173,10.1563682444,0.00631823246934,0.0070202950652,0.0,-0.016633522169,0.0178007584748,0.923297855321,-0.0145845439894,-0.00928357733642,0.0,449.87345763717803,447.6309809429947,447.79622272291897,447.20864361697153
0.48000000000000015,-0.00314314323617,0.00326743730603,10.2124877847,0.00574180993417,0.00725344265305,0.0,-0.0208970469779,0.0215170654131,0.947334116693,-0.00115500024912,0.0220459101081,0.0,412.08750218741625,414.8473066010587,411.90786233449256,413.09374160987596
0.5400000000000001,-0.00458057482831,0.00469670631482,10.2758203974,0.00542050696219,0.00989228402862,0.0,-0.02727414252,0.0261028377925,1.16355600043,-0.0154611041797,0.0692635081245,0.0,471.8168931731069,475.44866684405054,473.4504320417881,472.3486781152891
0.6000000000000002,-0.00646036471165,0.00638271429773,10.3507930902,0.00458622286424,0.013632829968,0.0,-0.0358349063146,0.0299973661799,1.33534408072,-0.0109608546262,0.0425705590486,0.0,461.79400984263225,459.6863600116019,460.0408633512641,460.3971410498525
0.6600000000000003,-0.00891119822422,0.00827754826853,10.434551719,0.00360503261933,0.0164697081218,0.0,-0.0461422950722,0.0330801733843,1.45645952087,-0.0302317215306,0.0553409890373,0.0,444.2239438020574,445.27111685185275,446.72613524262493,445.15218490824395
0.7200000000000003,-0.0120336814782,0.0103304593561,10.5250006084,0.00214531013782,0.0195410676836,0.0,-0.0582668105271,0.035184368502,1.55836429282,-0.0145685187681,0.0412300664831,0.0,440.5576750068222,439.3911671500573,438.6571738014829,439.95570267670104
0.7800000000000004,-0.0158789320332,0.0124762489835,10.6182882853,0.00147599309281,0.0223372427424,0.0,-0.0701369664057,0.0362760990845,1.55122973291,-0.00507929018262,0.0556199427064,0.0,403.9481970523653,405.2451462906296,402.9900002579406,403.8468691024289
0.8400000000000004,-0.0205439424214,0.0146810171278,10.7136014036,0.00117653692209,0.0254659334901,0.0,-0.0856797717339,0.0371863220737,1.62576286178,-0.00481480304199,0.0440895974854,0.0,432.1585328916541,431.1874496266555,430.71483298853104,430.7372874249985
0.9000000000000005,-0.0262152437264,0.0169350199858,10.8139234226,0.000757742191604,0.027819986916,0.0,-0.103614865893,0.037911638785,1.71816239348,-0.0117059964936,0.0271291879725,0.0,438.29535121032825,436.8843773016346,437.03419004249105,436.4595819932887
0.9600000000000005,-0.0331591637632,0.0192258340032,10.925199917,6.28289830924,0.029141261594,0.0,-0.128028703983,0.0383417047931,1.99061406972,-0.0323889813981,0.00909665291531,0.0,492.6864289686081,491.35146474714674,491.6055857463398,490.07081448176586
1.0200000000000005,-0.0414548362433,0.0215127116947,11.0479628248,6.28056430545,0.0295877897727,0.0,-0.14854002868,0.0376713332984,2.10128312229,-0.0569412816641,0.00390872158319,0.0,444.492897515552,444.06744912316066,445.15206694279243,443.13760107213176
1.0800000000000005,-0.0510061410403,0.0237039113018,11.1779294258,6.27790981974,0.0295807085581,0.0,-0.169843923847,0.0350547661031,2.23069074162,-0.0265468158973,-0.00972002186741,0.0,451.2360481386669,450.13456568323863,449.0344354959123,451.4919089220015
1.1400000000000006,-0.0618578927853,0.0256823189139,11.3165106257,6.27595523131,0.0292792239837,0.0,-0.191825191672,0.0307024267534,2.38836571481,-0.0487355470907,0.0030147535196,0.0,459.7343429561117,460.74231012492567,459.934990146364,458.17388290628196
1.2000000000000006,-0.0739851375055,0.0273610636949,11.46319763,6.27325380386,0.0295453567105,0.0,-0.212433445767,0.0249663802643,2.50095717438,-0.0384790376694,0.00713575479477,0.0,445.45273093204395,445.78950735241904,446.87826371894124,447.7123212268452
1.2600000000000007,-0.0873074961107,0.0286581541847,11.6150182962,6.27131818971,0.0295951234451,0.0,-0.231669598263,0.0180700487922,2.55959778083,-0.0220689497297,-0.0164002228299,0.0,429.7142671226738,427.71451568877495,430.2435340951544,431.6301600390708
1.3200000000000007,-0.101826133275,0.0294900196052,11.7719207633,6.27119623148,0.0285911398823,0.0,-0.252175891297,0.00960372097826,2.67023351542,0.0219171650609,-0.0174071438718,0.0,445.9383798016419,445.8562078226502,445.60922558270414,449.1904526357109
1.3800000000000008,-0.117658207241,0.0297769130645,11.9391294861,6.27276643456,0.0273271121498,0.0,-0.275406573945,0.000142867476038,2.90283397262,0.0335475841326,-0.029631668185,0.0,484.2658427831486,483.3454787204842,483.2023991844954,484.07843565983967
1.4400000000000008,-0.134741269947,0.0295781811234,12.1162686334,6.27442928356,0.0251735047465,0.0,-0.293828246169,-0.00657372069838,3.00155651767,0.012280086304,-0.0529410037718,0.0,445.0642749093642,443.1516750285409,446.0646973448142,444.3247218782028
1.5000000000000009,-0.152843098263,0.029020320637,12.2978026937,6.27606275576,0.0224220235543,0.0,-0.309288267045,-0.0118993202059,3.0494603154,0.0470411679708,-0.034522938914,0.0,428.1024193406086,429.66534221946637,427.5524530716926,430.5040945786047
1.560000000000001,-0.171864472806,0.0281680789888,12.4840564228,6.27882661543,0.0203343535033,0.0,-0.324538076503,-0.0162180580004,3.15870837646,0.0440360248281,-0.0353431120037,0.0,447.7956819125855,447.7284537795884,449.78920723895214,449.54698376475596
1.620000000000001,-0.191744768493,0.0271168729779,12.6762315489,6.281884254,0.018328605439,0.0,-0.337928976316,-0.0185328809608,3.24688842067,0.0620895420867,-0.0298531010306,0.0,443.52174491422704,443.97197291169044,440.9795365508043,442.4699705725927
1.680000000000001,-0.212410197827,0.0259923690054,12.8748535974,0.0018629937536,0.0166407367345,0.0,-0.350729979814,-0.0185679867152,3.37348553367,0.0173608358511,-0.0248927909186,0.0,454.5206537839992,454.91783039240966,457.4400383049378,453.8655941147352
1.740000000000001,-0.233804396854,0.0249217081089,13.0807759021,0.00277269299398,0.0154487209121,0.0,-0.362267335538,-0.0170191076987,3.49024456332,0.0103543889457,-0.0113454242889,0.0,452.05779489357474,453.1481753356688,453.5203721513986,452.9571417158417
1.8000000000000012,-0.25579372841,0.023947462225,13.288805251,0.00311079807375,0.0148055210636,0.0,-0.370660767635,-0.0154149819625,3.44420822311,-0.0060452196154,-0.00949760814021,0.0,400.65174451663836,400.8198321934338,400.862762002952,399.3695745675575
1.8600000000000012,-0.278269534422,0.0230707300388,13.4935737236,0.00298415266178,0.014342445683,0.0,-0.378496807648,-0.0138271315828,3.38159613957,0.00478175760813,-0.00437700131312,0.0,394.33994540046564,394.8128088540242,393.4715586297517,394.47272963290624
1.9200000000000013,-0.301330125993,0.0223147644414,13.7030458649,0.00335084706987,0.0138777684803,0.0,-0.390139213362,-0.0113345365687,3.60014654832,0.00864683127816,-0.015513585594,0.0,483.1986048420031,482.3584198052924,483.7103270839906,484.00120886058903
1.9800000000000013,-0.325024257547,0.0217055619443,13.9219065146,0.00338808594217,0.0127529683654,0.0,-0.399559643917,-0.00893572031573,3.69490866002,-0.0246986640983,-0.0261561646071,0.0,447.96980897963095,447.103566555167,448.8996840843139,446.1854819986151
2.0400000000000014,-0.349282230266,0.0212391272033,14.148337507,0.00189124848089,0.011354133217,0.0,-0.408871568261,-0.00677812523519,3.85227769121,-0.0254491760823,-0.0181625163607,0.0,466.48350266262656,467.10729120229496,467.784733679062,467.7262196373034
2.1000000000000014,-0.374046146987,0.0208650040028,14.3820848371,1.35659601366e-05,0.0103806811896,0.0,-0.41648772012,-0.00585952886169,3.93900719854,-0.0467717501013,-0.0126051316565,0.0,445.9079041978504,446.3617814191305,448.2338455813569,446.4971107962161
2.1600000000000015,-0.399242690951,0.0205035194662,14.6204523804,6.28044830986,0.0094189222938,0.0,-0.42331374721,-0.00645967078164,4.00634521074,-0.044047102088,-0.0239497905405,0.0,441.7305282812684,440.79401920305776,441.1677669523985,441.3914481666753
2.2200000000000015,-0.424837837311,0.0200493688048,14.8638234578,6.2778561788,0.00884317015534,0.0,-0.429763096188,-0.00894415644617,4.10567332924,-0.04156420315,0.00968439332123,0.0,449.94414823265805,452.6591592402435,452.1409604157799,452.3399643395274
2.2800000000000016,-0.450804238404,0.0194001503172,15.1119786513,6.27557589743,0.00945081813036,0.0,-0.435839252682,-0.0129238412069,4.16594557734,-0.0316984124499,0.0109992084738,0.0,440.99500386429963,441.1034816445603,439.0992635065895,439.91628244268213
2.3400000000000016,-0.477141289452,0.0184749659661,15.363074639,6.27348613611,0.0104586323301,0.0,-0.442140674911,-0.0180989090596,4.20377833154,-0.0419687190731,0.0264121138164,0.0,433.39637570255314,434.6899476354081,433.5377274630999,432.6732778181508
2.4000000000000017,-0.503909262686,0.0171687958547,15.6193072342,6.2709747236,0.0122087104123,0.0,-0.45029831573,-0.0257037155541,4.33680502074,-0.0416341820991,0.0341764615252,0.0,463.23928982921655,463.8496949614195,463.53823144998415,463.5636601728699
2.4600000000000017,-0.531186441912,0.0153718887254,15.8819459983,6.26816285281,0.0142313113693,0.0,-0.459138727513,-0.0344495203697,4.41750201286,-0.0601905591923,0.0327606143834,0.0,448.6301694566418,448.5156284330357,449.2716338475269,447.7630223680526
2.520000000000002,-0.559067085235,0.0129545730996,16.1516665008,6.26412786413,0.0158023330738,0.0,-0.470407607291,-0.0465320639345,4.57256025046,-0.087635802754,0.00786828467122,0.0,473.0808513047434,471.1601898862567,472.5511920924951,470.4272091214508
2.580000000000002,-0.587596062142,0.00978739557385,16.4270878974,6.25881013651,0.0166777067762,0.0,-0.48062167623,-0.0595265160309,4.60799739629,-0.0906911464607,0.0254544796337,0.0,434.8909272443812,436.36156335493524,436.96194500153166,436.70044207068895
2.640000000000002,-0.616792176395,0.00569038654083,16.7065982016,6.25323885507,0.0190297580136,0.0,-0.492782144675,-0.0775915486257,4.70858027797,-0.0975730905623,0.0579104324415,0.0,455.3616207893749,457.95150055156273,457.58361758848923,457.02833676635237
2.700000000000002,-0.646701973607,0.000504251504669,16.9885425702,6.24708076106,0.0223626916405,0.0,-0.504499628527,-0.0957865902183,4.68961407296,-0.115395652864,0.0503517335773,0.0,420.61511154466615,419.9621664892174,419.9538706864147,418.3947922728425
2.760000000000002,-0.677458213013,-0.00602475023858,17.2731778517,6.2407382149,0.0252918681301,0.0,-0.521005118371,-0.122508940802,4.79773890472,-0.0912202844265,0.0455655414004,0.0,459.43044437013026,459.05214587162095,460.01276808412604,461.9136854018332
2.820000000000002,-0.709278442879,-0.0143068432992,17.5648012962,6.23534226527,0.0282937557022,0.0,-0.539959913016,-0.154110783012,4.92246916709,-0.0874755338192,0.0577278222331,0.0,466.59043489856583,467.5405071900122,465.041854134217,465.32875113002865
2.880000000000002,-0.74218078548,-0.0243927054792,17.8596639316,6.23008577487,0.0323454318953,0.0,-0.557109558516,-0.182532302453,4.90631013827,-0.0878745957189,0.0821498059451,0.0,422.6570038362178,424.76040833033716,422.1198506021194,422.078598550018
2.940000000000002,-0.776393528305,-0.0366090954398,18.1597518116,6.22524827634,0.0380637432613,0.0,-0.58390903959,-0.225212150178,5.09571961108,-0.0690778990338,0.113441216944,0.0,485.24381823401296,487.59391061145647,485.49424639959466,486.8978990086343
3.000000000000002,-0.812164755793,-0.0512116531098,18.4663767429,6.22105738876,0.044674241689,0.0,-0.60907316088,-0.261910140318,5.12490870655,-0.0714340092366,0.102684643172,0.0,441.00232414560253,440.1235941432513,438.67042256369473,438.4709120705622
3.0600000000000023,-0.849361680242,-0.0678134735631,18.7702920258,6.21667643624,0.0506268489805,0.0,-0.631270598855,-0.29181599107,5.00606829343,-0.0763817426219,0.0911604636884,0.0,390.5989600795143,389.532451558619,389.9400747815536,389.4725400772635
3.1200000000000023,-0.888245705758,-0.0866275278043,19.0723426604,6.21180784363,0.0558230091016,0.0,-0.665361952929,-0.335747348455,5.06195344187,-0.0929454183068,0.0754327906944,0.0,448.08864706903046,446.8141303646526,448.24404075380573,446.89035167448327
3.1800000000000024,-0.929167321198,-0.108039638109,19.3758785532,6.20668321437,0.0603850180383,0.0,-0.699086512263,-0.378446682342,5.0558505765,-0.0735003553851,0.0772079129294,0.0,428.51437660359517,428.67006167010226,427.22697790931795,428.87548292295105
3.2400000000000024,-0.972396317398,-0.132355108938,19.6823424392,6.20269071603,0.0650762717062,0.0,-0.742330191463,-0.432455476067,5.15904983276,-0.0553696579429,0.0800771070729,0.0,462.2754053833928,462.5060773734582,462.8336316971545,464.25536228902916
3.3000000000000025,-1.01820115934,-0.159845268776,19.9932117435,6.19973379635,0.0699493624986,0.0,-0.784938983916,-0.484153532662,5.20296527963,-0.0392703408572,0.0834065511709,0.0,445.5241426109827,445.8016264700279,445.1974596351127,446.51141105927405
3.3600000000000025,-1.06676584775,-0.190619124182,20.308239887,6.19718559184,0.0750310139211,0.0,-0.834363980732,-0.541845854066,5.29743217794,-0.049789685371,0.0871509863301,0.0,462.57630748053936,462.8766849440999,461.8296434387131,460.9981221357243
3.4200000000000026,-1.11822463789,-0.224707480308,20.6266045534,6.19394864582,0.0799453973077,0.0,-0.881381464286,-0.594697346358,5.31453366993,-0.0639306115376,0.0685379527447,0.0,439.5492125486246,438.00913341359535,439.7973935605416,438.6223529455765
3.4800000000000026,-1.17245987328,-0.261881252617,20.9443668178,6.19110681669,0.0840256307812,0.0,-0.926810588384,-0.644701983453,5.27761258102,-0.0261403429061,0.0669143588917,0.0,421.56889873775776,421.43231126414804,420.24479809776705,423.50643117480314
3.5400000000000027,-1.22976748554,-0.302398592499,21.2631645067,6.18934237457,0.0877382168352,0.0,-0.983796973416,-0.70600170408,5.34853865087,-0.0369060429431,0.0491870758999,0.0,456.5464007503217,455.132139014605,457.0476949773322,456.1884690135604
3.6000000000000028,-1.29021498041,-0.346257703743,21.5822641983,6.18781008594,0.0908224219105,0.0,-1.03138504998,-0.75613403983,5.28831281175,-0.00920144408124,0.0555022132556,0.0,413.62199127208066,414.17978413006074,414.09964606614744,416.5297389383099
3.660000000000003,-1.35368133045,-0.393261668619,21.8989585393,6.18727545275,0.0942089113485,0.0,-1.08445546353,-0.810717175391,5.26817033529,-0.00833501977129,0.0582560917226,0.0,427.96654412632745,428.2032226757392,427.1317478783594,427.2057636071664
3.720000000000003,-1.42098381217,-0.444146644901,22.2206296739,6.18660820526,0.0973554079653,0.0,-1.15926501649,-0.885426564525,5.45320755861,-0.0173730521479,0.0370811950308,0.0,491.6280201483084,490.0577953280587,491.11948469292196,490.4487077765348
3.780000000000003,-1.49231605192,-0.499011490987,22.5480251996,6.18558049802,0.0998668463252,0.0,-1.2186889626,-0.94348898662,5.45984828261,-0.0166437190652,0.050013457295,0.0,438.0241703304942,439.09946500593514,438.42862321650585,438.4893019136738
3.840000000000003,-1.56761594116,-0.55772006868,22.8792958532,6.18536077165,0.102638318244,0.0,-1.29155709992,-1.01345932644,5.58179432947,0.0143148919669,0.0371759875175,0.0,474.73452372949765,473.7494032589771,473.66111335904037,476.0364463473554
3.900000000000003,-1.64716326181,-0.620453614815,23.2161083724,6.18609420208,0.105062153411,0.0,-1.36021999814,-1.07755339233,5.64488454461,0.00767431018235,0.0461648802053,0.0,457.6484291994505,458.3642567643275,458.4415192385688,457.9133495588319
3.960000000000003,-1.73078741137,-0.686933663978,23.5557964437,6.18614911401,0.10876960239,0.0,-1.42754835515,-1.1384052159,5.67777488519,-0.0181701210416,0.0822071379257,0.0,447.4094611642744,450.3373238030983,451.2181063219174,449.1264529126804
4.020000000000002,-1.81874216402,-0.757258490013,23.8993720622,6.18466434081,0.113489301668,0.0,-1.50471586369,-1.20582992628,5.77408599296,-0.0430577496577,0.0704170096797,0.0,470.27999090704134,469.3702387661931,470.55977616842966,468.6287233204102
4.080000000000001,-1.91098266915,-0.831285757919,24.2448797316,6.18202659321,0.117933061033,0.0,-1.57034950075,-1.26197447081,5.74283467426,-0.0458356311044,0.0805025044745,0.0,430.5738248251373,431.4308337108227,430.94127433404714,430.7051911054246
4.14,-2.00757241966,-0.909009982033,24.5912655942,6.17926470598,0.12246906063,0.0,-1.64972710063,-1.32906064729,5.80285066857,-0.0464258795559,0.0633496532701,0.0,460.7348001343809,459.3805915919254,460.0412524013847,459.99333816131974
4.199999999999998,-2.10871459498,-0.990563358764,24.9388371787,6.17627014079,0.126125501063,0.0,-1.72201290995,-1.38963593285,5.78279428169,-0.0579877354495,0.0556281814279,0.0,436.0345250677031,435.39156006049217,436.1514751503024,435.18290030593056
4.259999999999997,-2.21419604525,-1.0757531167,25.2846988895,6.17273259679,0.129179004485,0.0,-1.79433170078,-1.45032720475,5.74593690515,-0.0609752422136,0.0391637069629,0.0,431.4996781944424,430.10890167405165,430.00855676306963,429.75278610574867
4.319999999999996,-2.32410309564,-1.16467329959,25.6285946368,6.16998609521,0.131232109511,0.0,-1.86945331383,-1.5139524295,5.71723057761,-0.0257329070184,0.0218249263225,0.0,433.40774718042877,431.9481877086863,431.85019059256695,434.81171495119133
4.379999999999995,-2.43863660506,-1.25752365009,25.9713748039,6.16946416723,0.132319389756,0.0,-1.94845826431,-1.5811501148,5.70868452203,0.0129190821858,0.00943554683731,0.0,440.2292586290127,439.2026287417627,437.87214498262057,441.0765767337403
4.439999999999993,-2.55779289676,-1.35429339947,26.3125870468,6.17019847638,0.132945503406,0.0,-2.02352024392,-1.64448853071,5.66518434084,0.0108413409265,0.0123631632605,0.0,427.4385448493964,427.6879029473333,429.0759312838732,428.8993475884085
4.499999999999992,-2.68193014875,-1.45524302827,26.6545930335,6.17101071469,0.133969419319,0.0,-2.1144503037,-1.72040174733,5.73453641204,0.0184470655917,0.0251141430459,0.0,463.1174232361752,464.11938229553493,464.1820610834434,464.77853208807994
4.559999999999991,-2.81132604358,-1.5605470444,26.9990832105,6.17240422894,0.135362157802,0.0,-2.19889087479,-1.78962959694,5.7482806162,0.0313856053316,0.0191085197969,0.0,447.1954282399756,446.7059059011461,447.8668654924583,448.918238583014
4.6199999999999894,-2.94593568359,-1.67007625594,27.3452310121,6.17401691973,0.13594602453,0.0,-2.28819249624,-1.86117748343,5.78965503168,0.0158546631744,-0.0259233764268,0.0,458.57714434384985,454.9852587287855,457.35352970173955,456.1147438355527
4.679999999999988,-3.08562126474,-1.78364379198,27.6917284052,6.17571301364,0.134784386242,0.0,-2.36794689683,-1.92433774821,5.76035595913,0.0456798214616,-0.0087063651283,0.0,434.2212406398231,435.6635002155031,433.43091308174655,435.9310821627355
4.739999999999987,-3.23013550374,-1.90101395833,28.0368290295,6.17872192097,0.134863357834,0.0,-2.44923470963,-1.98780158476,5.74303450886,0.0578488457076,0.0161949577676,0.0,437.61790069462523,439.68623670337206,437.8432452430295,438.8563116444226
4.799999999999986,-3.37933132633,-2.02198554191,28.3793420762,6.18183844737,0.136211810701,0.0,-2.52414059499,-2.04440253851,5.67436094519,0.0362441047047,0.0327481894315,0.0,420.3384428127989,421.7709186519875,422.7421630351734,420.8777854511234
4.859999999999984,-3.53299223535,-2.14627042806,28.7172783737,6.18458446677,0.137951978799,0.0,-2.59812944146,-2.09831822914,5.5905279404,0.0600752459682,0.0202015863369,0.0,416.6195620804217,415.5211478751178,414.19123038284425,416.28363134153443
4.919999999999983,-3.69226873482,-2.27455576493,29.0583389196,6.18807262993,0.140176909762,0.0,-2.71120061594,-2.17739298394,5.7770679273,0.0539463301918,0.0585704202126,0.0,497.38498515170824,500.1879676264633,499.58531717649436,499.14008725575883
4.979999999999982,-3.8578829363,-2.40717094877,29.406956302,6.19103029684,0.143269567547,0.0,-2.80958295195,-2.24281218945,5.84301157648,0.0378297520169,0.0313018107161,0.0,467.01869222061134,464.8879354509512,466.0589125295505,464.7986396827781
5.0399999999999805,-4.02917973496,-2.5434839336,29.7575486497,6.19344466,0.14589416751,0.0,-2.90055648687,-2.30078544173,5.84327108696,0.0446678010102,0.0611811510083,0.0,444.45585492353945,446.8995217809995,446.4301822165351,446.98873421546824
